python kaggle_FKD.py net1 output

  InputLayer          (None, 9216)            produces    9216 outputs
  DenseLayer          (None, 100)             produces     100 outputs
  DenseLayer          (None, 30)              produces      30 outputs

 Epoch  |  Train loss  |  Valid loss  |  Train / Val
--------|--------------|--------------|----------------
     1  |    0.105418  |    0.031085  |     3.391261
     2  |    0.020353  |    0.019294  |     1.054894
     3  |    0.016118  |    0.016918  |     0.952734
     4  |    0.014187  |    0.015550  |     0.912363
     5  |    0.013329  |    0.014791  |     0.901199
...
   200  |    0.003250  |    0.004150  |     0.783282
   201  |    0.003242  |    0.004141  |     0.782850
   202  |    0.003234  |    0.004133  |     0.782305
   203  |    0.003225  |    0.004126  |     0.781746
   204  |    0.003217  |    0.004118  |     0.781239
   205  |    0.003209  |    0.004110  |     0.780738
...
   395  |    0.002259  |    0.003269  |     0.690925
   396  |    0.002256  |    0.003264  |     0.691164
   397  |    0.002254  |    0.003264  |     0.690485
   398  |    0.002249  |    0.003259  |     0.690303
   399  |    0.002247  |    0.003260  |     0.689252
   400  |    0.002244  |    0.003255  |     0.689606